9,6,12,11,12,25,16,23,25,27,26,28,25,34,33,35,44,18,38,25,                             26,24,22,24,20,
261,230,229,272,149,88,98,89,86,84,68,32,22,19,16,13,12,8,4,3,                     2,4,3,3,2,
1,6,357,338,157,136,109,117,97,79,81,84,143,57,35,38,26,31,18,19,  21,9,14,17,10,
92,108,138,122,172,189,189,123,69,51,57,53,49,63,60,52,70,65,77,49,            51,44,44,53,37,
112,110,120,140,162,126,98,82,95,76,64,69,72,73,83,91,80,47,73,55,  41,36,33,21,15,
102,98,124,137,130,132,125,94,74,67,61,74,70,66,78,113,103,64,60,51,  45,45,32,18,9,
102,120,120,126,145,136,121,100,74,66,76,74,71,70,66,121,89,54,69,53, 50,37,28,20,16,
80,74,76,63,62,69,51,49,54,38,38,34,32,35,26,21,22,19,21,16, 16,15,16,15,16,
74,73,65,71,65,72,57,65,64,62,53,54,47,52,39,47,34,42,41,29,                       31,29,26,23,26,
111,107,92,85,94,85,78,76,85,74,72,72,72,76,59,60,58,47,39,43,                   32,34,29,23,20,
51,76,61,74,70,81,88,70,67,65,71,63,70,78,65,76,65,62,56,70,                       85,72,63,57,49,
78,132,162,131,83,94,88,66,63,38,34,33,28,38,99,92,106,73,59,23,16,19,29,16,10,
126,149,145,153,124,97,70,37,44,35,37,34,29,36,36,31,154,151,37,26,23,25,25,13,8,
280,143,93,84,79,82,89,85,72,56,55,57,69,76,92,73,47,31,41,41,39,13,4,7,3,
282,175,130,80,106,95,75,48,47,41,61,57,54,90,84,38,31,34,36,29,4,5,4,2,2,
265,241,152,95,115,95,55,42,50,58,63,56,59,92,76,55,33,27,35,31,10,3,3,0,0,
276,145,97,96,79,104,88,99,76,66,62,72,77,80,93,69,37,34,40,41,15,5,4,0,2,
28,28,28,26,22,24,25,21,24,20,15,18,16,15,19,17,13,17,16,13,17,19,14,23,20,
41,41,35,39,42,34,37,35,37,33,34,32,30,30,26,22,27,31,27,21,27,22,18,19,18,
66,54,61,56,46,52,44,53,43,42,34,41,35,35,40,31,40,36,34,26,26,29,24,27,19,
195,176,191,166,120,123,57,36,43,43,45,53,64,64,91,104,50,49,29,33,40,25,6,3,1,
240,168,162,172,93,67,53,43,37,40,40,47,44,61,64,101,98,70,56,43,43,32,22,14,13,
212,167,121,122,61,54,36,42,40,48,49,54,82,99,76,72,78,59,36,27,20,17,12,14,9,
232,198,146,149,103,59,54,44,44,42,47,53,69,115,109,93,79,71,44,20,17,13,10,7,5,
118,214,193,165,146,116,86,64,52,62,57,73,96,80,67,62,63,48,19,18,12,9,7,6,3,
47,43,45,42,44,36,43,39,42,48,53,48,52,47,61,57,93,136,100,76,61,57,42,43,49,
117,76,86,119,140,161,206,165,155,109,82,46,66,56,64,57,28,28,17,16,12,17,8,4,10,
122,221,288,174,79,57,47,48,50,66,86,145,113,70,72,58,29,21,30,35,24,15,12,6,7,
95,198,229,193,127,79,52,43,42,60,69,85,165,104,65,71,30,23,24,28,18,23,17,19,14,
144,174,283,201,98,67,42,34,38,39,56,62,70,88,199,74,50,46,22,14,12,12,14,9,9,
82,111,135,133,119,221,169,108,99,145,143,117,79,44,57,33,15,11,10,11,12,7,9,5,3,
143,111,165,110,94,90,71,51,43,33,39,36,34,36,37,33,52,100,221,109,71,50,38,15,8,
247,136,101,107,94,86,93,83,66,41,39,44,42,51,64,72,150,89,47,35,37,38,15,4,5,
251,200,140,120,95,106,129,62,45,46,37,41,38,46,53,72,60,98,70,37,41,24,9,6,4,
239,131,125,135,109,67,38,37,40,41,42,44,60,65,77,111,89,64,66,39,21,23,22,12,12,
288,244,207,101,75,54,40,44,42,47,39,59,78,80,75,72,56,43,30,31,29,29,23,13,14,
201,214,197,144,75,54,46,40,43,42,60,91,109,142,85,81,71,59,24,18,21,20,28,13,10,
237,264,201,119,84,57,48,38,47,55,86,77,89,114,77,76,60,35,24,19,17,11,9,7,4,
205,265,201,137,62,46,45,32,37,42,64,85,108,127,85,77,62,39,47,31,33,25,23,15,13,
212,292,251,119,67,55,40,39,40,42,73,88,102,112,77,59,62,41,37,36,26,27,23,18,13,
169,155,231,138,104,63,46,40,40,73,84,129,86,90,70,72,37,40,45,36,                       33,23,20,23,20,
355,226,131,63,46,45,44,31,39,32,54,72,63,92,150,120,79,55,44,37,19,14,13,13,12,
181,186,224,166,85,71,42,41,51,74,133,138,100,85,71,58,32,32,34,25,                   26,26,23,21,22,
51,122,129,124,98,113,120,146,142,123,118,91,105,59,45,52,43,38,38,41,38,24,22,13,13,
323,257,133,67,44,46,39,30,32,37,55,63,73,92,177,187,55,59,33,22,25,25,20,12,13,
101,125,123,161,133,100,79,76,73,93,138,161,157,92,63,43,25,40,45,38,34,35,21,18,18,
30,31,37,45,111,241,120,131,116,133,102,107,111,114,104,71,67,68,46,43,28,25,21,21,14,
175,241,234,93,49,39,36,32,44,66,77,138,162,88,69,47,36,39,39,34,37,31,28,23,14,
284,333,121,65,42,34,38,35,37,48,59,59,79,148,182,71,62,49,39,25,27,21,20,15,19,
116,135,142,128,199,158,64,97,127,116,91,83,72,63,48,27,36,43,46,49,40,30,22,23,17,
444,174,135,101,47,43,42,34,37,50,56,60,72,88,138,137,55,44,33,30,29,22,14,17,11,
208,261,260,140,50,46,39,33,51,62,50,77,93,99,163,144,57,31,29,17,22,14,16,7,6,
160,275,487,275,122,59,57,47,60,49,57,47,51,36,22,22,16,24,13,17,7,5,4,3,0,
0,0,0,0,19,346,160,125,97,96,64,57,47,41,43,42,37,49,44,47,45,38,29,33,10,
11,59,246,232,125,109,89,69,41,38,32,33,34,26,26,25,24,31,29,20,21,22,18,16,7,
78,130,96,101,96,98,92,88,69,43,51,40,30,25,32,23,18,25,20,18,13,15,16,7,6,
26,34,53,76,63,70,67,67,64,77,71,83,59,64,47,43,62,43,38,43,28,9,6,2,0,
5,40,97,98,101,125,118,128,107,97,67,61,30,43,32,23,7,2,0,0,0,0,0,0,0,
2,6,51,108,124,137,110,130,143,98,93,60,53,25,7,4,4,2,3,2,2,2,2,1,0,
4,9,12,23,104,87,161,121,144,128,119,87,84,44,13,11,3,7,1,1,1,1,1,1,2,
3,6,14,30,84,104,141,164,120,150,110,111,75,38,14,4,3,2,4,4,2,1,1,0,1,
4,6,19,72,94,160,136,146,153,123,116,71,63,24,6,4,2,4,3,1,1,0,1,0,0,
50,105,137,114,121,104,134,111,93,80,71,43,13,5,2,2,1,0,0,1,0,0,0,0,0,
3,6,16,30,85,111,148,161,146,155,127,111,70,40,6,5,1,1,2,0,1,0,2,1,0,
6,10,16,27,78,112,148,135,161,152,144,101,77,51,11,3,2,0,1,2,0,1,0,1,0,
5,6,21,73,81,169,144,169,145,145,97,108,63,21,3,2,1,1,0,0,0,0,0,0,0,
4,5,12,16,38,96,118,180,150,149,133,130,99,82,46,10,2,2,0,2,0,0,0,0,0,
6,33,78,80,152,102,124,148,122,105,78,79,61,70,30,6,5,2,0,0,0,0,0,0,0,
32,30,58,54,73,105,75,64,64,92,78,88,69,88,52,53,60,43,30,29,26,11,3,1,0,
5,11,25,38,86,108,122,189,160,150,141,100,68,43,26,12,3,3,0,1,0,1,1,0,0,
1,1,8,17,20,47,82,81,108,133,139,125,126,109,84,75,58,35,31,18,6,0,0,0,0,
7,14,37,76,102,123,162,149,141,151,104,80,55,46,32,18,12,2,0,1,0,0,0,0,0,
50,80,101,131,153,129,119,127,120,88,54,52,42,30,29,10,1,1,0,0,0,0,0,0,0,
7,17,38,90,89,124,164,152,138,137,123,84,64,45,36,21,7,1,0,0,0,0,0,0,0,
2,3,11,20,30,46,73,70,63,85,110,115,90,97,83,85,81,55,52,45,36,29,22,22,10,
49,61,78,95,91,97,91,102,103,105,76,99,66,68,41,42,29,21,8,2,1,0,1,0,0,
4,20,54,98,118,143,177,144,146,129,105,60,50,45,30,17,3,2,3,2,0,1,0,0,1,
7,14,52,60,118,140,163,165,155,152,115,96,78,40,10,2,1,1,1,1,0,1,0,0,0,
38,46,100,124,171,159,147,138,136,115,96,64,38,18,1,0,0,0,0,0,0,0,0,0,0,
47,100,102,109,111,106,119,109,112,115,125,86,62,49,12,7,3,2,2,1,1,1,0,2,1,
47,99,106,108,108,103,102,115,108,111,102,92,64,42,19,18,12,9,6,1,1,1,0,0,0,
6,40,55,114,139,184,147,163,138,124,85,80,44,36,14,5,2,2,3,2,3,1,3,2,3,
9,33,70,79,111,144,172,146,134,123,97,77,74,38,25,20,6,1,0,1,0,0,0,0,0,
4,8,15,38,59,77,86,97,99,133,130,102,116,72,76,59,51,42,35,27,18,12,3,0,0,
1,7,13,35,61,90,70,79,109,143,96,91,90,103,66,62,36,46,28,27,25,29,13,13,11,
2,6,5,13,33,70,80,82,117,106,149,107,91,90,78,80,47,36,36,33,29,16,24,10,9,
2,6,5,13,19,74,75,99,125,120,143,96,88,103,78,62,41,35,33,29,30,17,22,18,10,
4,6,12,32,55,74,129,112,145,114,119,99,98,58,58,44,36,33,26,29,17,20,15,11,6,
1,4,10,21,52,85,106,123,131,146,99,118,81,76,48,46,38,32,28,29,19,21,16,14,7,
5,7,39,56,94,110,139,133,112,97,96,99,68,56,47,37,33,25,24,16,20,15,6,10,4,
83,91,136,158,96,113,117,80,84,62,47,50,31,39,31,26,27,23,11,9,9,0,0,0,0,
4,4,10,27,61,120,146,172,156,113,125,106,75,47,45,28,33,28,23,24,12,7,6,1,0,
5,25,53,99,113,142,139,119,98,119,79,63,48,52,32,27,27,35,22,21,17,18,12,4,3,
1,5,24,82,114,145,148,131,125,98,112,65,49,59,36,39,26,21,24,19,13,13,12,9,2,
4,4,12,45,114,118,156,171,116,92,102,85,54,46,35,34,35,25,22,21,24,17,15,11,7,
3,14,61,110,124,164,166,123,90,86,67,62,45,35,36,32,35,22,22,20,16,12,12,11,4,
0,1,5,18,75,150,134,204,156,103,123,61,56,47,38,43,28,33,24,19,24,13,12,12,4,
3,8,77,108,128,201,155,111,104,87,64,52,35,35,33,30,32,25,19,19,22,15,10,8,5,
5,71,100,129,192,157,130,102,78,70,44,43,38,37,28,31,25,25,18,20,14,14,10,3,0,
90,91,126,184,128,124,89,77,58,52,39,37,39,41,32,28,18,22,23,22,12,13,15,10,4,
2,4,8,15,41,165,155,263,131,111,90,48,41,40,33,40,39,30,32,26,22,23,15,13,5,
72,110,160,197,149,97,106,80,62,34,44,38,35,26,33,26,27,18,14,16,16,10,10,6,3,
125,182,130,134,93,85,77,59,57,49,42,39,41,36,31,24,21,26,20,18,14,10,10,3,5,
3,2,5,10,25,139,189,245,153,136,82,45,45,41,33,42,33,24,34,35,24,23,16,13,6,
82,195,168,138,122,79,91,70,46,50,41,51,36,34,31,31,30,25,21,15,19,10,9,7,1,
0,4,42,108,197,210,161,137,90,76,46,39,35,39,30,32,30,28,23,19,15,18,10,6,5,
1,1,4,13,100,179,194,209,162,95,50,52,39,38,38,33,33,38,27,28,20,21,16,7,5,
55,158,189,203,129,109,59,54,45,46,36,31,45,30,31,32,37,27,26,17,17,10,9,2,0,
70,147,174,168,146,114,77,63,47,44,41,33,28,30,30,28,26,24,25,20,16,12,13,7,3,
1,2,6,11,75,165,263,189,173,100,68,52,46,32,36,32,31,28,27,26,16,11,9,6,1,
144,217,137,135,87,91,63,51,51,37,40,39,41,37,30,35,32,28,24,18,18,15,9,6,4,
203,217,137,92,79,74,49,50,40,48,37,39,38,47,35,37,30,29,27,19,14,13,6,8,2,
207,158,162,102,79,66,72,52,42,40,38,43,38,38,36,35,41,21,26,24,16,12,8,8,3,
103,162,140,126,110,98,80,73,53,46,43,47,38,41,34,38,28,31,25,16,13,14,12,5,1,
3,4,16,52,69,94,103,130,160,95,118,112,81,56,52,48,34,37,31,31,24,21,13,6,3,
0,0,0,9,28,60,61,64,73,109,88,80,81,112,78,92,79,88,62,84,                       61,60,50,28,25,
4,5,19,45,46,66,93,85,88,106,108,110,91,89,78,68,68,40,41,29,30,21,18,18,12,
7,18,67,135,154,186,190,142,116,82,70,52,45,33,40,22,13,3,2,2,1,1,1,1,1,
94,116,142,122,102,92,89,87,65,48,56,50,44,30,37,32,30,22,23,19,16,13,14,9,5,
40,81,153,222,148,102,122,87,57,38,45,36,36,28,35,30,29,18,30,21,16,16,9,6,4,
119,174,136,146,122,87,76,61,57,45,52,45,40,43,34,35,25,26,27,15,14,9,9,4,1,
1,2,5,11,41,60,107,113,130,180,120,96,93,84,51,44,43,38,32,34,28,24,21,20,16,
7,47,68,106,117,142,176,166,145,127,88,61,50,40,22,9,5,0,0,0,0,0,0,0,0,
3,13,30,50,54,94,83,95,126,129,127,107,98,83,72,51,48,31,35,18,16,6,3,2,1,
3,4,14,30,28,43,71,82,88,99,118,122,119,82,101,91,68,54,62,37,23,18,12,5,0,
3,10,30,62,69,129,121,168,178,148,130,116,72,61,38,30,8,4,4,1,2,1,1,0,0,
18,48,61,103,149,142,186,172,140,111,81,55,44,41,19,6,4,1,1,1,0,1,0,0,0,
20,56,38,49,55,52,47,50,46,68,50,39,33,29,27,24,18,10,6,5,2,2,3,2,1,
4,31,77,67,71,76,73,85,70,51,67,62,48,40,33,32,27,18,8,6,6,3,4,3,2,
15,77,111,99,112,109,113,103,69,59,51,55,32,32,21,17,12,11,20,14,10,2,3,2,0,
104,117,170,200,116,77,77,54,33,46,23,14,17,16,13,11,11,10,10,12,11,20,15,7,3,
20,128,166,166,154,88,73,66,48,48,30,19,20,17,14,13,10,11,11,11,12,11,15,22,7,
158,171,156,159,107,93,57,51,49,27,23,16,17,12,13,11,10,9,9,8,7,10,17,13,13,
139,231,171,141,104,63,56,55,44,32,27,19,19,15,12,11,11,12,9,8,8,7,7,13,15,
284,194,150,115,71,56,65,36,34,30,24,22,13,14,10,13,10,7,8,8,9,8,9,9,12,
288,160,185,129,104,67,63,55,42,28,27,31,20,12,14,10,11,9,7,6,7,6,5,8,9,
78,102,102,94,108,87,74,84,78,68,71,62,69,63,51,30,37,27,20,22,14,11,10,10,9,
187,175,149,157,128,92,65,75,55,55,33,38,27,22,16,20,20,23,18,22,14,16,12,15,15,
315,207,129,109,101,103,103,85,64,48,46,44,41,29,22,24,21,24,19,18,12,13,10,10,7,
138,170,197,142,131,118,87,111,116,89,65,33,22,17,11,12,10,9,11,8,7,7,5,7,5,
170,235,184,122,96,88,80,82,68,49,32,15,15,14,9,8,15,10,13,11,7,7,6,6,4,
197,186,157,128,93,72,68,66,66,34,33,25,15,19,13,12,11,9,12,15,10,10,11,11,10,
238,165,192,149,113,102,69,46,68,48,34,23,11,13,11,10,12,15,12,18,20,21,18,15,13,
0,0,26,230,194,179,145,104,97,78,79,74,50,34,26,14,11,12,16,12,20,22,18,19,23,
0,1,1,6,165,262,201,158,125,113,99,90,58,85,24,18,17,10,9,9,12,11,11,13,18,
3,21,260,293,198,159,132,95,91,63,56,64,33,23,14,15,19,17,11,12,15,21,15,18,20,
90,300,269,165,158,125,98,63,68,84,35,30,21,20,18,22,26,18,16,20,20,15,24,11,14,
0,1,35,305,285,222,153,133,104,83,73,88,33,24,18,23,24,26,31,26,                     28,30,34,23,20,
238,315,259,151,139,123,80,81,62,54,45,31,20,21,26,22,22,29,45,38,                 36,29,24,20,13,
164,353,234,193,145,133,79,93,63,47,40,25,17,15,19,30,28,34,27,40,                 37,27,21,20,16,
306,184,199,123,114,73,67,58,68,40,34,29,30,22,24,21,16,13,18,14,18,16,17,9,14,
176,134,145,103,119,114,99,101,73,53,52,44,30,22,16,8,13,15,21,18,13,12,13,13,11,
130,116,142,130,119,101,87,61,83,78,70,55,48,35,26,29,19,15,14,16,13,11,11,8,9,
116,114,151,113,85,78,83,58,70,82,61,61,44,37,34,25,14,16,9,10,9,9,9,11,6,
141,130,122,103,75,81,69,58,71,65,65,68,44,33,32,26,20,11,8,8,7,8,9,5,7,
164,116,106,88,69,72,68,62,70,58,62,56,37,35,26,22,14,7,9,9,6,8,8,4,5,
130,145,147,107,93,76,70,67,71,74,61,60,45,32,29,20,14,14,10,8,8,7,7,5,3,
155,156,118,109,86,73,61,73,77,71,51,57,37,30,20,17,14,11,11,10,7,9,7,7,5,
162,162,103,96,76,63,65,76,74,58,50,33,30,29,24,15,13,10,9,6,7,9,9,7,5,
22,212,154,133,112,88,77,66,76,75,91,89,40,24,19,14,9,8,9,6,4,7,7,8,5,
5,33,189,209,244,232,178,104,87,63,70,49,31,29,27,30,30,25,29,32,                   23,21,12,14,15,
22,217,257,231,238,165,142,98,73,43,41,29,26,33,44,23,15,13,18,17,12,13,9,10,8,
65,220,233,200,193,169,120,102,71,50,29,32,35,50,38,28,18,16,15,13,12,16,16,10,6,
6,34,155,209,228,155,193,155,113,87,69,59,36,39,51,47,32,28,31,25,                24,23,20,17,15,
214,230,187,122,112,94,86,54,38,33,26,38,27,24,21,20,7,5,7,3,3,4,9,7,7,
259,193,130,132,120,108,61,63,47,34,29,29,28,13,9,12,10,11,5,10,6,7,4,7,6,
190,168,151,111,109,95,84,73,69,60,52,38,19,17,17,10,7,6,8,11,12,8,12,11,8,
153,161,116,123,89,75,83,71,67,52,52,30,18,14,10,10,9,11,7,7,10,8,6,9,6,
185,163,119,152,108,79,91,82,63,62,67,56,28,23,21,13,11,9,6,8,8,6,6,8,9,
25,173,138,160,125,96,93,88,73,59,75,73,47,34,22,17,18,13,11,10,9,9,7,5,7,
1,112,171,147,124,116,93,85,77,74,73,70,60,46,26,18,15,12,10,9,10,9,8,7,7,
146,173,133,143,103,84,82,78,69,59,70,66,37,28,16,11,9,7,7,6,8,8,8,11,7,
196,186,141,106,94,73,68,70,78,88,54,36,24,12,12,9,7,9,10,12,13,12,5,5,6,
208,180,131,98,127,108,74,45,55,47,41,23,19,14,12,13,12,13,10,12,11,7,10,6,5,
211,205,161,160,115,82,53,69,73,43,28,30,28,20,18,12,10,8,11,10,15,8,8,6,6,
120,113,107,92,129,106,89,72,69,59,54,40,34,32,20,17,16,20,16,10,8,9,8,8,7,
